764.69
764.69
869.88
869.88
905.574
905.574
916.07
916.07
916.07
916.07
916.07
916.07
916.07
916.07
916.07
916.07
916.07
916.07
916.07
930.414
930.414
999.718
999.718
999.718
1114.13
1114.13
1114.13
1114.13
1114.13
1114.13
1114.13
1114.13
1114.13
1114.13
1114.13
1114.13
1114.13
1114.13
1114.13
1114.13
1114.13
1114.13
1114.13
1114.13
1114.13
1114.13
1114.13
1114.13
1114.13
1114.13
1114.13
1114.13
1114.13
1114.13
1114.13
1114.13
1114.13
1114.13
1114.13
1114.13
1114.13
1114.13
1114.13
1114.13
1114.13
1114.13
1114.13
1114.13
1114.13
1114.13
1114.13
1114.13
1114.13
1114.13
1114.13
1114.13
1114.13
1114.13
1114.13
1114.13
1114.13
1114.13
1114.13
1114.13
1114.13
1114.13
1114.13
1114.13
1114.13
1114.13
1114.13
1114.13
1114.13
1114.13
1114.13
1114.13
1114.13
1114.13
1114.13
1114.13
1114.13
1114.13
1114.13
1114.13
1114.13
1114.13
1114.13
1114.13
1114.13
1114.13
1114.13
1114.13
1114.13
1114.13
1114.13
1114.13
1114.13
1114.13
1114.13
1114.13
1114.13
1114.13
1114.13
1124.88
1124.88
1124.88
1124.88
1124.88
1124.88
1124.88
1124.88
1124.88
1124.88
1124.88
1124.88
1124.88
1124.88
1124.88
1124.88
1124.88
1124.88
1124.88
1124.88
1124.88
1124.88
1124.88
1124.88
1124.88
1124.88
1124.88
1124.88
1124.88
1124.88
1124.88
1124.88
1124.88
1124.88
1124.88
1124.88
1124.88
1124.88
1124.88
1124.88
1124.88
1124.88
1124.88
1124.88
1124.88
1124.88
1124.88
1124.88
1124.88
1249.32
1249.32
1249.32
1249.32
1249.32
1249.32
1249.32
1249.32
1249.32
1249.32
1249.32
1249.32
1249.32
1249.32
1249.32
1249.32
1249.32
1249.32
1249.32
1249.32
1249.32
1249.32
1249.32
1249.32
1249.32
1249.32
1249.32
1249.32
1249.32
1249.32
1249.32
1249.32
1249.32
1249.32
1249.32
1249.32
1249.32
1249.32
1249.32
1249.32
1249.32
1249.32
1249.32
1249.32
1249.32
1249.32
1249.32
1249.32
1249.32
1249.32
1249.32
1249.32
1249.32
1249.32
1249.32
1249.32
1249.32
1249.32
1249.32
1249.32
1249.32
1249.32
1249.32
1249.32
1249.32
1249.32
1249.32
1249.32
1249.32
1249.32
1249.32
1249.32
1249.32
1249.32
1249.32
1249.32
1249.32
1249.32
1249.32
1249.32
1249.32
1249.32
1249.32
1249.32
1249.32
1249.32
1249.32
1249.32
1249.32
1249.32
1249.32
1249.32
1249.32
1249.32
1249.32
1249.32
1249.32
1249.32
1249.32
1249.32
1249.32
1249.32
1249.32
1249.32
1249.32
1249.32
1249.32
1249.32
1249.32
1249.32
1249.32
1249.32
1249.32
1249.32
1249.32
1249.32
1249.32
1249.32
1249.32
1249.32
1249.32
1249.32
1249.32
1249.32
1249.32
1249.32
1249.32
1249.32
1249.32
1249.32
1249.32
1249.32
1256.09
1256.09
1256.09
1256.09
1256.09
1256.09
1256.09
1256.09
1256.09
1256.09
1256.09
1256.09
1256.09
1256.09
1256.09
1256.09
1256.09
1256.09
1256.09
1256.09
1256.09
1256.09
1256.09
1256.09
1256.09
1256.09
1256.09
1256.09
1256.09
1256.09
1256.09
1256.09
1256.09
1256.09
1256.09
1256.09
1256.09
1256.09
1256.09
1256.09
1256.09
1256.09
1256.09
1256.09
1256.09
1256.09
1256.09
1256.09
1256.09
1256.09
1256.09
1256.09
1256.09
1256.09
1256.09
1256.09
1256.09
1256.09
1256.09
1256.09
1256.09
1256.09
1256.09
1256.09
1256.09
1256.09
1256.09
1256.09
1256.09
1256.09
1256.09
1256.09
1256.09
1256.09
1256.09
1256.09
1256.09
1256.09
1256.09
1256.09
1256.09
1256.09
1256.09
1256.09
1256.09
1256.09
1256.09
1256.09
1287.8
1287.8
1287.8
1287.8
1287.8
1287.8
1287.8
1287.8
1287.8
1287.8
1287.8
1287.8
1287.8
1287.8
1287.8
1287.8
1287.8
1287.8
1287.8
1287.8
1287.8
1287.8
1287.8
1287.8
1287.8
1287.8
1287.8
1287.8
1287.8
1287.8
1287.8
1287.8
1287.8
1287.8
1287.8
1287.8
1287.8
1287.8
1287.8
1287.8
1287.8
1287.8
1287.8
1287.8
1287.8
1287.8
1287.8
1287.8
1287.8
1287.8
1287.8
1287.8
1287.8
1287.8
1287.8
1287.8
1287.8
1287.8
1287.8
1287.8
1287.8
1287.8
1287.8
1287.8
1287.8
1287.8
1287.8
1287.8
1287.8
1287.8
1287.8
1287.8
1287.8
1287.8
1287.8
1287.8
1287.8
1287.8
1287.8
1287.8
1287.8
1287.8
1287.8
1287.8
1287.8
1287.8
1287.8
1287.8
1287.8
1287.8
1287.8
1287.8
1287.8
1287.8
1287.8
1287.8
1287.8
1287.8
1287.8
1287.8
1287.8
1287.8
1287.8
1287.8
1287.8
1287.8
1287.8
1287.8
1287.8
850.701
850.701
850.701
