777.832
777.832
777.832
1006.09
1070.85
1070.85
1070.85
1189.06
1189.06
1189.06
1198.9
1198.9
1198.9
1198.9
1198.9
1208.66
1208.66
1208.66
1208.66
1208.66
1208.66
1208.66
1208.66
1208.66
1251.17
1251.17
1292.65
1292.65
1292.65
1292.65
1292.65
1292.65
1292.65
1292.65
1337.83
1337.83
1353.81
1353.81
1353.81
1353.81
1353.81
1353.81
1353.81
1353.81
1353.81
1353.81
1353.81
1353.81
1436.64
1478.82
1478.82
1478.82
1478.82
1478.82
1485.37
1485.37
1e+07
