901.013
902.875
902.875
902.875
946.693
946.693
946.693
946.693
946.693
946.693
946.693
946.693
946.693
946.693
959.058
959.058
959.058
959.894
959.894
959.894
959.894
959.894
959.894
959.894
959.894
959.894
959.894
959.894
959.894
971.142
971.142
971.142
971.142
971.142
971.142
971.142
971.142
971.142
971.142
971.142
971.142
1037.16
1037.16
1037.16
1037.16
1037.16
1037.16
1037.16
1037.16
1037.16
1092.63
1121.11
1121.11
1121.11
1121.11
1121.11
1121.11
1121.11
1121.11
1121.11
1121.11
1121.11
1121.11
1121.11
1121.11
1121.11
1121.11
1121.11
1121.11
1121.11
1121.11
1121.11
1121.11
1121.11
1121.11
1121.11
1121.11
1121.11
1121.11
1121.11
1121.11
1121.11
1121.11
1121.11
1121.11
1121.11
1121.11
1121.11
1121.11
1121.11
1121.11
1121.11
1121.11
1121.11
1121.11
1121.11
1121.11
1121.11
1121.11
1128.76
1128.76
1128.76
1128.76
1128.76
1183.94
1183.94
1183.94
1183.94
1293.22
1293.22
1293.22
1293.22
1293.22
1293.22
1361.67
1361.67
1447.75
1447.75
1447.75
1447.75
1447.75
1447.75
1447.75
1447.75
1447.75
1447.75
1447.75
1447.75
1447.75
1447.75
1447.75
1451.03
1451.03
1451.03
1451.03
1451.03
1451.03
1451.03
1451.03
1451.03
1451.03
1451.03
1451.03
1451.03
1451.03
1451.03
1451.03
1451.03
1451.03
1451.03
1451.03
1451.03
1451.03
1451.03
1451.03
1451.03
1451.03
1451.03
1451.03
1451.03
1451.03
1451.03
1451.03
1451.03
1451.03
1451.03
1451.03
1451.03
1451.03
1451.03
1451.03
1451.03
1451.03
1451.03
1451.03
1451.03
1451.03
1451.03
1451.03
1451.03
1451.03
1451.03
1451.03
1451.03
1451.03
1451.03
1451.03
1451.03
1511
1511
1511
1511
1534.46
1620.48
1620.48
1620.48
1620.48
1620.48
1620.48
1679.35
1679.35
1679.35
1679.35
1679.35
1679.35
1679.35
1679.35
1679.35
1679.35
1679.35
1679.35
1679.35
1679.35
1679.35
1679.35
1679.35
1679.35
1679.35
1679.35
1679.35
1679.35
1679.35
1679.35
1679.35
1679.35
1679.35
1679.35
1679.35
1679.35
1679.35
1679.35
1679.35
1679.35
1679.35
1679.35
1679.35
1679.35
1679.35
1679.35
1679.35
1679.35
1679.35
1679.35
1679.35
1679.35
1679.35
1679.35
1679.35
1679.35
1679.35
1679.35
1679.35
1679.35
1679.35
1679.35
1679.35
1679.35
1679.35
1679.35
1679.35
1679.35
1679.35
1679.35
1679.35
1679.35
1679.35
1679.35
1679.35
1679.35
1679.35
1679.35
1679.35
1679.35
1679.35
1679.35
1679.35
1679.35
1679.35
1679.35
1679.35
1679.35
1679.35
1679.35
1679.35
1679.35
1679.35
1679.35
1679.35
1679.35
1679.35
1679.35
1679.35
1679.35
1679.35
1679.35
1679.35
1679.35
1679.35
1679.35
1679.35
1679.35
1679.35
1679.35
1679.35
1679.35
1679.35
1679.35
1679.35
1679.35
1679.35
1679.35
1679.35
1679.35
1679.35
1679.35
1679.35
1679.35
1679.35
1679.35
1679.35
1679.35
1679.35
1679.35
1679.35
1679.35
1679.35
1679.35
1679.35
1679.35
1679.35
1679.35
1679.35
1679.35
1679.35
1679.35
1679.35
1679.35
1679.35
1679.35
1679.35
1679.35
1679.35
1679.35
1679.35
1679.35
1679.35
1679.35
1679.35
1679.35
1679.35
1679.35
1679.35
1679.35
1679.35
1679.35
1679.35
1679.35
1679.35
1679.35
1679.35
1679.35
1679.35
1679.35
1679.35
1679.35
1679.35
1679.35
1679.35
1679.35
1679.35
1679.35
1679.35
1679.35
1679.35
1679.35
1679.35
1679.35
1679.35
1679.35
1679.35
1679.35
1679.35
1679.35
1679.35
1679.35
1679.35
1679.35
1679.35
1679.35
1679.35
1679.35
1679.35
1679.35
1679.35
1679.35
1679.35
1679.35
1718.09
1718.09
1718.09
1718.09
1718.09
1718.09
1718.09
1718.09
1718.09
1718.09
1861.44
1861.44
1861.44
1861.44
1861.44
1e+07
