877.784
877.784
877.784
883.767
943.347
943.347
946.349
946.349
946.349
973.14
973.14
1030.95
1030.95
1030.95
1030.95
1030.95
1047.72
1047.72
1047.72
1047.72
1047.72
1134.3
1134.3
1134.3
1134.3
1134.3
1134.3
1134.3
1134.3
1134.3
1134.3
1134.3
1134.3
1134.3
1134.3
1134.3
1134.3
1152.04
1152.04
1152.04
1152.04
1152.04
1152.04
1152.04
1152.04
1152.04
1162.5
1162.5
1225.69
1225.69
1225.69
1230.02
1230.02
1230.02
1230.02
1230.02
1230.02
1230.02
1230.02
1252.38
1252.38
1252.38
1252.38
1449.87
1449.87
1449.87
1449.87
1449.87
1449.87
1449.87
1449.87
1449.87
1449.87
1449.87
1449.87
1449.87
1449.87
1449.87
1449.87
1536.1
1536.1
1536.1
1536.1
1536.1
1536.1
1536.1
1536.1
1536.1
1536.1
1536.1
1624.22
1624.22
1670.67
1670.67
1670.67
1670.67
1670.67
1670.67
1670.67
1670.67
1670.67
1670.67
1670.67
1670.67
1670.67
1670.67
1670.67
1670.67
1670.67
1670.67
1670.67
1670.67
1670.67
1670.67
1670.67
1671.54
1671.54
1671.54
1671.54
1671.54
1671.54
1671.54
1671.54
1671.54
1671.54
1671.54
1671.54
1671.54
1671.54
1671.54
1671.54
1671.54
1671.54
1671.54
1671.54
1671.54
1671.54
1671.54
1671.54
1671.54
1671.54
1671.54
1671.54
1671.54
1671.54
1671.54
1671.54
1671.54
1671.54
1671.54
1671.54
1671.54
1671.54
1671.54
1671.54
1671.54
1671.54
1671.54
1671.54
1671.54
1671.54
1671.54
1671.54
1671.54
1671.54
1671.54
1671.54
1671.54
1671.54
1671.54
1671.54
1671.54
1671.54
1671.54
1671.54
1671.54
1671.54
1671.54
1671.54
1671.54
1671.54
1671.54
1671.54
1671.54
1671.54
1671.54
1671.54
1671.54
1671.54
1671.54
1671.54
1671.54
1671.54
1671.54
1671.54
1671.54
1675.54
1675.54
1675.54
1675.54
1675.54
1675.54
1675.54
1675.54
1675.54
1675.54
1675.54
1675.54
1679.05
1679.05
1679.05
1679.05
1679.05
1679.05
1679.05
1679.05
1679.05
1679.05
1679.05
1710.81
1710.81
1710.81
1710.81
1710.81
1710.81
1710.81
1710.81
1710.81
1738.34
1738.34
1738.34
1738.34
1738.34
1738.34
1738.34
1738.34
1738.34
1738.34
1738.34
1738.34
1738.34
1738.34
1738.34
1738.34
1738.34
1738.34
1738.34
1738.34
1738.34
1738.34
1738.34
1738.34
1738.34
1738.34
1738.34
1738.34
1738.34
1738.34
1738.34
1738.34
1738.34
1738.34
1738.34
1738.34
1738.34
1738.34
1738.34
1738.34
1738.34
1738.34
1738.34
1738.34
1738.34
1738.34
1738.34
1754.12
1754.12
1754.12
1754.12
1754.12
1754.12
1754.12
1754.12
1754.12
1754.12
1754.12
1754.12
1e+07
