819.611
819.611
819.611
819.611
819.611
819.611
819.611
834.482
834.482
834.482
834.482
849.525
850.256
850.256
850.256
850.256
850.256
881.135
881.135
881.135
882.225
882.225
957.552
968.431
968.431
968.431
968.431
972.86
972.86
972.86
972.86
972.86
972.86
1014.51
1014.51
1014.51
1014.51
1014.51
1014.51
1014.51
1014.51
1014.51
1046.23
1046.23
1046.23
1046.23
1046.23
1055.55
1055.55
1055.55
1055.55
1055.55
1055.55
1102.5
1102.5
1102.5
1102.5
1116.35
1129.39
1129.39
1129.39
1129.39
1129.39
1222.89
1237.47
1237.47
1237.47
1237.47
1292.48
1292.48
1292.48
1292.48
1292.48
1292.48
1292.48
1292.48
1292.48
1292.48
1292.48
1292.48
1292.48
1292.48
1292.48
1292.48
1292.48
1292.48
1292.48
1292.48
1292.48
1292.48
1292.48
1292.48
1292.48
1292.48
1292.48
1292.48
1292.48
1292.48
1292.48
1292.48
1308.29
1308.29
1391.08
1391.08
1391.08
1391.08
1391.08
1391.08
1391.08
1493.6
1493.6
1493.6
1512.79
1512.79
1512.79
1512.79
1512.79
1512.79
1512.79
1512.79
1512.79
1512.79
1512.79
1512.79
1512.79
1512.79
1512.79
1512.79
1512.79
1527.06
1536.68
1576.88
1576.88
1576.88
1576.88
1576.88
1576.88
1669.85
1669.85
1669.85
1669.85
1669.85
1669.85
1669.85
1901.31
1901.31
1901.31
1901.31
1901.31
1901.31
1901.31
1901.31
1901.31
1901.31
1901.31
1901.31
1901.31
1901.31
1901.31
1901.31
1901.31
1901.31
1901.31
1973.43
1973.43
1973.43
1973.43
1973.43
2008
2008
2008
2008
2008
2008
2008
2008
2008
2008
2008
2008
2008
2008
2070.56
2070.56
2070.56
2070.56
2070.56
2070.56
2070.56
2070.56
2070.56
2070.56
2070.56
2070.56
2070.56
2070.56
2070.56
2070.56
2070.56
2070.56
2070.56
2070.56
2070.56
2070.56
2070.56
2070.56
2070.56
2070.56
2070.56
2070.56
2070.56
2070.56
2070.56
2070.56
2070.56
2070.56
2070.56
2070.56
2070.56
2070.56
2070.56
2070.56
2070.56
2070.56
2070.56
2070.56
2070.56
2070.56
2070.56
2070.56
2070.56
2070.56
2070.56
2070.56
2070.56
2070.56
2070.56
2070.56
2070.56
2070.56
2162.63
2162.63
2162.63
2162.63
2162.63
2162.63
2162.63
2162.63
2162.63
2162.63
2162.63
2162.63
2162.63
2162.63
2162.63
2162.63
2162.63
2162.63
2162.63
2162.63
2162.63
2162.63
2162.63
2162.63
2162.63
2162.63
2162.63
2162.63
2162.63
2162.63
2162.63
2162.63
2162.63
2162.63
2162.63
2162.63
2162.63
2162.63
2162.63
2162.63
2162.63
2162.63
2162.63
2360.26
2360.26
2360.26
2360.26
2360.26
2360.26
2360.26
2360.26
2367.73
2367.73
2367.73
2367.73
2367.73
2367.73
2367.73
2367.73
2367.73
2367.73
2367.73
2367.73
2367.73
2367.73
2367.73
2367.73
2367.73
2367.73
2367.73
2367.73
2367.73
2367.73
2367.73
2367.73
2367.73
2367.73
2367.73
2367.73
2367.73
2367.73
2367.73
2367.73
2367.73
2367.73
2367.73
2367.73
2367.73
2367.73
2367.73
2367.73
2367.73
2367.73
2367.73
2367.73
2367.73
2367.73
2367.73
2367.73
2367.73
2367.73
2367.73
2367.73
2367.73
2367.73
2367.73
2367.73
2367.73
2405.07
2405.07
2405.07
2405.07
2405.07
2405.07
2405.07
2405.07
2405.07
2405.07
2405.07
2405.07
2405.07
2405.07
2405.07
2405.07
2405.07
2405.07
2405.07
2405.07
2405.07
2405.07
2405.07
2405.07
2405.07
2405.07
2405.07
2405.07
2405.07
2405.07
2405.07
2405.07
2405.07
2405.07
2405.07
2405.07
2405.07
2405.07
2405.07
2405.07
2405.07
2405.07
2405.07
2405.07
2405.07
2405.07
2405.07
2405.07
2405.07
2405.07
2405.07
2405.07
2405.07
2405.07
2405.07
2405.07
2405.07
2405.07
2405.07
2405.07
2405.07
2405.07
2405.07
2405.07
2405.07
2405.07
2405.07
2405.07
2405.07
2405.07
2405.07
2405.07
2405.07
2405.07
2405.07
2405.07
2405.07
2405.07
2405.07
2405.07
2405.07
2405.07
2405.07
2405.07
2405.07
2405.07
2405.07
2405.07
2405.07
2405.07
2405.07
2405.07
2405.07
2405.07
2405.07
2405.07
2405.07
2405.07
2405.07
2405.07
2405.07
2405.07
2405.07
2405.07
2405.07
2405.07
2405.07
2405.07
2405.07
2405.07
2405.07
2405.07
2405.07
2405.07
2405.07
2405.07
2405.07
2405.07
2405.07
2405.07
2405.07
2405.07
2405.07
2405.07
2405.07
2405.07
2405.07
2405.07
2405.07
2405.07
2405.07
2405.07
2405.07
2405.07
2405.07
2405.07
2405.07
2405.07
2405.07
2405.07
2405.07
2405.07
2405.07
2405.07
2405.07
2405.07
2405.07
2405.07
2405.07
2405.07
2405.07
2405.07
2405.07
720.901
720.901
