821.862
821.862
863.579
863.579
863.579
882.151
907.792
907.792
907.792
907.792
1055.06
1055.06
1055.06
1055.06
1262.28
1262.28
1262.28
1262.28
1262.28
1262.28
1262.28
1262.28
1262.28
1262.28
1262.28
1262.28
1262.28
1262.28
1262.28
1262.28
1262.28
1262.28
1274.66
1274.66
1274.66
1274.66
1274.66
1274.66
1274.66
1288.1
1288.1
1449.19
1449.19
1449.19
1449.19
1449.19
1449.19
1469.63
1592.84
1592.84
1592.84
1592.84
1592.84
1592.84
1592.84
1592.84
1594.1
1594.1
1594.1
1594.1
1594.1
1594.1
1627.16
1640.43
1640.43
1640.43
1640.43
1640.43
1640.43
1640.43
1640.43
1640.43
1640.43
1640.43
1640.43
1640.43
1640.43
1640.43
1e+07
