868.081
868.081
925.545
936.358
936.358
939.245
941.213
941.213
941.213
941.213
963.955
963.955
1139.64
1139.64
1278.82
1278.82
1291.58
1291.58
1305.02
1305.02
1325.43
1325.43
1325.43
1333.37
1333.37
1333.37
1333.37
1333.37
1333.37
1333.37
1339.39
1339.39
1339.39
1339.39
1339.39
1339.39
1339.39
1339.39
1496.42
1496.42
1512.96
1512.96
1512.96
1518.61
1518.61
1518.61
1518.61
1518.61
1683.53
1741.52
1741.52
1741.52
1741.52
1741.52
1741.52
1741.52
1741.52
1741.52
1744.61
1770.2
1770.2
1770.2
1770.2
1770.2
1770.2
1770.2
1875.93
1875.93
1875.93
1875.93
1875.93
1875.93
1875.93
1875.93
1926.83
1926.83
1926.83
1926.83
1926.83
1926.83
1926.83
1932.24
1932.24
1932.24
1932.24
1932.24
1975.61
1975.61
1975.61
1975.61
1980.62
1980.62
1980.62
1980.62
1980.62
1980.62
2075.24
2075.24
2075.24
2075.24
2075.24
2075.24
2075.24
2075.24
2075.24
2075.24
2075.24
2075.24
2121.78
2121.78
2121.78
2161.7
2161.7
2161.7
2161.7
2161.7
2161.7
2161.7
2161.7
2161.7
2174.17
2174.17
2174.17
2174.17
2174.17
2174.17
2174.17
2174.17
2174.17
2174.17
2174.17
2174.17
2174.17
2174.17
2174.17
2174.17
2174.17
2174.17
2174.17
2174.17
2174.17
2174.17
2174.17
2174.17
2174.17
2174.17
2174.17
2174.17
2174.17
2174.17
2184.47
2196.26
2196.26
2196.26
2196.26
2209.07
2209.07
2209.07
2209.07
2209.07
2209.07
2209.07
2209.07
2209.07
2209.07
2209.07
2209.07
2209.07
2209.07
2209.07
2209.07
2209.07
2209.07
2209.07
2209.07
2209.07
2209.07
2209.07
2209.07
2209.07
2209.07
2209.07
2209.07
2209.07
2209.07
2209.07
2209.07
2209.07
2209.07
2209.07
2209.07
2209.07
2209.07
2209.07
2209.07
2209.07
2209.07
2209.07
2214.06
2235.59
2235.59
2235.59
2235.59
2235.59
2235.59
2235.59
2235.59
2235.59
2235.59
2235.59
2235.59
2235.59
2235.59
2235.59
2235.59
2235.59
2235.59
2235.59
2235.59
2235.59
2235.59
2235.59
2235.59
2235.59
2235.59
2235.59
2235.59
2235.59
2235.59
2235.59
2235.59
2235.59
2235.59
2240.91
2240.91
2240.91
2240.91
2240.91
2240.91
2240.91
2240.91
2240.91
2240.91
2240.91
2240.91
2240.91
2240.91
2240.91
2240.91
2240.91
2240.91
2240.91
2240.91
2240.91
2240.91
2240.91
2240.91
2240.91
2240.91
2240.91
2240.91
2240.91
2240.91
2240.91
2240.91
2240.91
2240.91
2240.91
2240.91
2240.91
2240.91
2240.91
2240.91
2240.91
2240.91
2240.91
2240.91
2240.91
2240.91
2240.91
2240.91
2240.91
2240.91
2240.91
2240.91
2240.91
2240.91
2240.91
2240.91
2240.91
2240.91
2240.91
2240.91
2240.91
2240.91
2240.91
2240.91
2240.91
2240.91
2240.91
2240.91
2240.91
2240.91
2240.91
2240.91
2240.91
2240.91
2240.91
2240.91
2240.91
2240.91
2240.91
2240.91
2240.91
2240.91
2240.91
2240.91
2240.91
2240.91
2240.91
2240.91
2240.91
2240.91
2240.91
2240.91
2240.91
2240.91
2240.91
2240.91
2240.91
2240.91
2246.49
2246.49
2246.49
2246.49
2246.49
2246.49
2246.49
2246.49
2246.49
2246.49
2246.49
2246.49
2246.49
2246.49
2246.49
2246.49
2246.49
2246.49
2246.49
2259.02
2259.02
2259.02
2259.02
2259.02
2259.02
2259.02
2259.02
2259.02
2259.02
2259.02
2259.02
2259.02
2259.02
2259.02
2259.02
2259.02
2259.02
2259.02
2259.02
2259.02
2259.02
2259.02
2259.02
2259.02
2259.02
2259.02
2259.02
2259.02
2259.02
2259.02
2259.02
2259.02
2259.02
2259.02
2259.02
2259.02
2259.02
2259.02
2259.02
2259.02
2259.02
2259.02
2259.02
2259.02
2259.02
2259.02
2259.02
2259.02
2259.02
2259.02
2259.02
2259.02
2259.02
2259.02
2259.02
2259.02
2259.02
2259.02
2259.02
2259.02
2259.02
2259.02
2259.02
2259.02
2259.02
2259.02
2259.02
2259.02
2259.02
2259.02
2259.02
2259.02
2259.02
2259.02
2259.02
2259.02
2259.02
2259.02
2259.02
2259.02
2259.02
2259.02
2259.02
2259.02
2259.02
2259.02
2259.02
2259.02
2259.02
2259.02
2259.02
2259.02
2259.02
2259.02
2259.02
2259.02
2259.02
2259.02
2259.02
2259.02
2259.02
2259.02
2259.02
2259.02
2259.02
2259.02
2259.02
2259.02
2259.02
2259.02
2259.02
2259.02
2259.02
2259.02
2259.02
2259.02
2259.02
2259.02
2259.02
2259.02
2259.02
2259.02
2259.02
2259.02
2259.02
2259.02
2259.02
2259.02
2259.02
2259.02
2259.02
2259.02
2259.02
2259.02
2259.02
2259.02
2259.02
2259.02
2259.02
2259.02
2259.02
2259.02
2259.02
2259.02
2259.02
2259.02
2259.02
2259.02
2259.02
2259.02
