664.84
682.555
726.879
726.879
732.123
783.347
783.347
834.578
834.578
834.578
834.578
859.472
859.472
859.472
859.472
906.659
906.659
906.659
906.659
906.659
1090.86
1090.86
1115.98
1115.98
1115.98
1115.98
1115.98
1115.98
1115.98
1259.17
1259.17
1259.17
1259.17
1259.17
1259.17
1259.17
1259.17
1263
1263
1263
1462.54
1462.54
1462.54
1462.54
1462.54
1462.54
1462.54
1462.54
1462.54
1462.54
1462.54
1462.54
1462.54
1462.54
1462.54
1462.54
1462.54
1462.54
1462.54
1462.54
1462.54
1462.54
1482.82
1482.82
1482.82
1482.82
1482.82
1482.82
1482.82
1482.82
1482.82
1482.82
1482.82
1482.82
1482.82
1662.15
1662.15
1662.15
1662.15
1662.15
1662.15
1662.15
1662.15
1662.15
1681.31
1681.31
1681.31
1681.31
1681.31
1681.31
1687.16
1687.16
1687.16
1687.16
1687.16
1687.16
1687.16
1687.16
1687.16
1687.16
1687.16
1886.81
1886.81
1886.81
1886.81
1886.81
1886.81
1886.81
1886.81
1886.81
1886.81
1886.81
1886.81
1886.81
1886.81
1886.81
1886.81
1936
1936
1936
1936
1936
1936
1960.58
1960.58
1960.58
1960.58
1960.58
1960.58
1960.58
1960.58
1975.91
1975.91
1975.91
1975.91
1975.91
1975.91
1975.91
1975.91
1975.91
1975.91
1975.91
1975.91
1975.91
1975.91
1975.91
1975.91
1975.91
1975.91
2007.16
2007.16
2007.16
2007.16
2007.16
2007.16
2007.16
2007.16
2007.16
2007.16
2007.16
2007.16
2007.16
2067.58
2067.58
2067.58
2067.58
2067.58
2067.58
2067.58
2067.58
2067.58
2067.58
2067.58
2067.58
2067.58
2067.58
2067.58
2067.58
2067.58
2067.58
2067.58
2067.58
2067.58
2067.58
2067.58
2067.58
2067.58
2067.58
2067.58
2067.58
2067.58
2067.58
2067.58
2067.58
2067.58
2067.58
2067.58
2067.58
2067.58
2067.58
2067.58
2067.58
2067.58
2067.58
2067.58
2067.58
2067.58
2067.58
2067.58
2067.58
2067.58
2067.58
2067.58
2067.58
2067.58
2067.58
2067.58
2067.58
2067.58
2067.58
2067.58
2067.58
2067.58
2067.58
2067.58
2067.58
2067.58
2067.58
2067.58
2067.58
2067.58
2067.58
2067.58
2067.58
2067.58
2067.58
2067.58
2067.58
2067.58
2067.58
2067.58
2067.58
2067.58
2067.58
2067.58
2067.58
2067.58
2067.58
2067.58
2067.58
2067.58
2067.58
2067.58
2067.58
2067.58
2067.58
2067.58
2067.58
2067.58
2067.58
2067.58
2067.58
2067.58
2067.58
2067.58
2067.58
2067.58
2067.58
2067.58
2067.58
2067.58
2067.58
2067.58
2067.58
2067.58
2067.58
2067.58
2067.58
2067.58
2067.58
2067.58
2067.58
2067.58
2067.58
2067.58
2067.58
2067.58
2067.58
2067.58
2067.58
2067.58
2067.58
2067.58
2067.58
2102.92
2102.92
2102.92
2102.92
2102.92
2102.92
2102.92
2102.92
2102.92
2102.92
2102.92
2102.92
2102.92
2102.92
2102.92
2102.92
2102.92
2102.92
2102.92
2102.92
2102.92
2102.92
2102.92
2102.92
2102.92
2102.92
2102.92
2102.92
2102.92
2102.92
2102.92
2102.92
2102.92
2102.92
2102.92
2102.92
2102.92
2102.92
2102.92
2102.92
2102.92
2102.92
2102.92
2125.26
2125.26
2125.26
2125.26
2125.26
2125.26
2125.26
2125.26
2125.26
2125.26
2125.26
2125.26
2125.26
2125.26
2125.26
2125.26
2125.26
2125.26
2125.26
2125.26
2125.26
2125.26
2125.26
2125.26
2125.26
2125.26
2125.26
2125.26
2125.26
2125.26
2125.26
2125.26
2125.26
2125.26
2125.26
2125.26
2125.26
2125.26
2125.26
2125.26
2125.26
2125.26
2125.26
2125.26
2125.26
2125.26
2125.26
2125.26
2125.26
2125.26
2125.26
2125.26
2125.26
2125.26
2125.26
2125.26
2125.26
2125.26
2125.26
2125.26
2125.26
2125.26
2125.26
2125.26
2125.26
2125.26
2125.26
2125.26
2125.26
2125.26
2125.26
2125.26
2125.26
2125.26
2125.26
2125.26
2125.26
2125.26
2125.26
2125.26
2125.26
2125.26
2125.26
2125.26
2125.26
2125.26
2125.26
2125.26
2125.26
2125.26
2125.26
2125.26
2125.26
2125.26
2125.26
2125.26
2125.26
2125.26
2125.26
2125.26
2125.26
2125.26
2125.26
2125.26
2125.26
2125.26
2125.26
2125.26
2125.26
2125.26
2125.26
2125.26
2125.26
2125.26
2125.26
2125.26
2125.26
2125.26
2125.26
2125.26
2125.26
2125.26
2125.26
2125.26
2125.26
2125.26
2125.26
2125.26
2125.26
2125.26
2125.26
2125.26
2125.26
2125.26
2125.26
2125.26
2125.26
2125.26
2125.26
2125.26
2125.26
2125.26
2125.26
2125.26
2125.26
2125.26
2125.26
2125.26
2125.26
2125.26
2125.26
2125.26
2125.26
2125.26
2125.26
2125.26
2125.26
2125.26
2125.26
2125.26
2125.26
2125.26
2125.26
2125.26
833.516
833.516
833.516
851.483
