847.855
847.855
847.855
881.682
881.682
881.682
894.319
894.319
894.319
894.319
894.319
894.319
894.319
894.319
894.319
894.319
894.319
894.319
894.319
894.319
894.319
894.319
894.319
894.319
894.319
894.319
894.319
894.319
894.319
894.319
894.319
894.319
894.319
894.319
894.319
894.319
894.319
894.319
894.319
894.319
894.319
894.319
894.319
894.319
894.319
894.319
894.319
894.319
894.319
894.319
894.319
894.319
894.319
894.319
894.319
894.319
894.319
894.319
894.319
894.319
894.319
894.319
894.319
894.319
894.319
894.319
894.319
894.319
897.3
897.3
897.3
897.3
897.3
897.3
897.3
897.3
897.3
897.3
897.3
897.3
897.3
897.3
897.3
897.3
897.3
897.3
897.3
897.3
900.44
900.44
900.44
900.44
900.44
900.44
900.44
909.188
909.188
909.188
933.053
933.053
933.053
933.053
933.053
933.053
933.053
933.053
933.053
933.053
933.053
938.208
938.208
943.926
943.926
943.926
943.926
1100.78
1113.14
1113.14
1113.14
1113.14
1113.14
1113.14
1113.14
1113.14
1113.14
1113.14
1113.14
1113.14
1113.14
1113.14
1113.14
1113.14
1113.14
1113.14
1113.14
1113.14
1113.14
1113.14
1113.14
1113.14
1113.14
1113.14
1113.14
1113.14
1113.14
1113.14
1113.14
1113.14
1113.14
1113.14
1113.14
1113.14
1113.14
1137.83
1137.83
1195.28
1195.28
1195.28
1195.28
1195.28
1195.28
1195.28
1195.28
1195.28
1195.28
1248.63
1248.63
1262.02
1262.02
1262.02
1262.02
1262.02
1282.26
1282.26
1282.26
1354.78
1354.78
1354.78
1e+07
