866.685
866.685
866.685
866.685
888.159
888.159
888.159
888.159
903.817
903.817
903.817
903.817
903.817
914.435
914.435
914.435
914.435
914.435
914.435
914.435
914.435
914.435
914.435
914.435
914.435
921.617
921.617
921.617
921.617
921.617
921.617
923.817
923.817
923.817
923.817
923.817
925.871
1150.61
1150.61
1150.61
1150.61
1150.61
1150.61
1230.43
1230.43
1230.43
1230.43
1230.43
1230.43
1292.74
1292.74
1292.74
1309.9
1309.9
1309.9
1322.96
1322.96
1322.96
1357.88
1357.88
1357.88
1367.85
1367.85
1367.85
1367.85
1367.85
1427.82
1427.82
1427.82
1439.65
1439.65
1593.73
1593.73
1593.73
1593.73
1593.73
1593.73
1653
1653
1653
1e+07
