802.693
802.693
802.693
802.693
802.693
917.183
917.183
917.183
917.183
917.183
917.183
920.707
920.707
920.707
920.707
932.043
949.207
985.895
985.895
985.895
985.895
985.895
985.895
987.03
987.03
1018.79
1018.79
1018.79
1018.79
1018.79
1098.82
1098.82
1098.82
1106.78
1109.81
1109.81
1109.81
1109.81
1109.81
1120.48
1120.48
1120.48
1120.48
1120.48
1120.48
1120.48
1120.48
1120.48
1120.48
1120.48
1120.48
1120.48
1120.48
1120.48
1120.48
1120.48
1120.48
1120.48
1120.48
1120.48
1120.48
1120.48
1120.48
1120.48
1120.48
1120.48
1120.48
1120.48
1120.48
1120.48
1120.48
1120.48
1120.48
1120.48
1240.52
1240.52
1240.52
1240.52
1240.52
1240.52
1240.52
1240.52
1240.52
1240.52
1240.52
1240.52
1240.52
1240.52
1240.52
1240.52
1240.52
1240.52
1240.52
1240.52
1240.52
1240.52
1240.52
1240.52
1240.52
1240.52
1240.52
1240.52
1260.83
1260.83
1260.83
1260.83
1260.83
1260.83
1260.83
1260.83
1260.83
1260.83
1260.83
1287.87
1287.87
1367.67
1367.67
1367.67
1367.67
1367.67
1367.67
1367.67
1367.67
1367.67
1367.67
1367.67
1371.11
1371.11
1371.11
1371.11
1371.11
1371.11
1399.2
1399.2
1399.2
1399.2
1399.2
1399.2
1399.2
1399.2
1442.95
1442.95
1442.95
1442.95
1442.95
1442.95
1442.95
1442.95
1442.95
1442.95
1442.95
1442.95
1442.95
1442.95
1442.95
1442.95
1442.95
1442.95
1442.95
1442.95
1442.95
1442.95
1442.95
1442.95
1442.95
1442.95
1442.95
1442.95
1442.95
1442.95
1442.95
1442.95
1442.95
1442.95
1442.95
1442.95
1442.95
1442.95
1442.95
1442.95
1442.95
1442.95
1442.95
1442.95
1442.95
1442.95
1442.95
1442.95
1442.95
1442.95
1442.95
1442.95
1442.95
1442.95
1442.95
1442.95
1442.95
1442.95
1442.95
1442.95
1442.95
1442.95
1442.95
1442.95
1442.95
1442.95
1442.95
1442.95
1442.95
1442.95
1442.95
1442.95
1442.95
1442.95
1442.95
1442.95
1442.95
1442.95
1442.95
1442.95
1442.95
1442.95
1442.95
1442.95
1442.95
1442.95
1442.95
1442.95
1442.95
1442.95
1442.95
1442.95
1488.31
1488.31
1488.31
1488.31
1488.31
1488.31
1488.31
1488.31
1488.31
1488.31
1488.31
1488.31
1488.31
1488.31
1542.89
1542.89
1542.89
1542.89
1542.89
1542.89
1542.89
1542.89
1542.89
1542.89
1544.09
1557.73
1557.73
1557.73
1557.73
1557.73
1557.73
1557.73
1557.73
1557.73
1557.73
1557.73
1557.73
1557.73
1557.73
1557.73
1557.73
1557.73
1557.73
1580.5
1580.5
1580.5
1580.5
1580.5
1580.5
1580.5
1580.5
1580.5
1580.5
1580.5
1580.5
1580.5
1580.5
1580.5
1580.5
1580.5
1580.5
1580.5
1580.5
1580.5
1580.5
1580.5
1580.5
1580.5
1580.5
1580.5
1580.5
1580.5
1580.5
1580.5
1580.5
1580.5
1580.5
1580.5
1604.24
1604.24
1604.24
1604.24
1604.24
1604.24
1604.24
1604.24
1604.24
1604.24
1604.24
1604.24
1604.24
1604.24
1604.24
1604.24
1604.24
1604.24
1604.24
1604.24
1604.24
1604.24
1604.24
1604.24
1604.24
1604.24
1604.24
1604.24
1604.24
1604.24
1604.24
1604.24
1604.24
1604.24
1604.24
1604.24
1604.24
1604.24
1604.24
1604.24
1604.24
1604.24
1604.24
1604.24
1604.24
1604.24
1604.24
1604.24
1604.24
1604.24
1604.24
1604.24
1604.24
1604.24
1604.24
1604.24
1604.24
1604.24
1604.24
1604.24
1604.24
1604.24
1604.24
1604.24
1604.24
1604.24
1604.24
1604.24
1604.24
1604.24
1604.24
1604.24
1604.24
1604.24
1604.24
1604.24
1604.24
1604.24
1613.03
1613.03
1613.03
1613.03
1613.03
1613.03
1613.03
1613.03
1613.03
1613.03
1613.03
1613.03
1613.03
1613.03
1613.03
1613.03
1613.03
1613.03
1613.03
1613.03
1613.03
1613.03
1613.03
1613.03
1613.03
1613.03
1613.03
1613.03
1613.03
1613.03
1613.03
1613.03
1613.03
1613.03
1613.03
1613.03
1613.03
1613.03
1613.03
1613.03
1613.03
1613.03
1613.03
1613.03
1613.03
1613.03
1613.03
1613.03
1613.03
1613.03
1613.03
1613.03
1613.03
1613.03
1613.03
1613.03
1613.03
1613.03
1613.03
1613.03
1613.03
1613.03
1613.03
1613.03
1613.03
1613.03
1613.03
1613.03
1613.03
1613.03
1613.03
1613.03
1613.03
1613.03
1613.03
1613.03
1613.03
1613.03
1613.03
1613.03
1613.03
1613.03
1613.03
1613.03
1613.03
1613.03
1613.03
1613.03
1613.03
1613.03
1613.03
1613.03
1779.62
1779.62
1779.62
1779.62
1779.62
1779.62
1779.62
1779.62
1779.62
1779.62
1779.62
1779.62
1779.62
1779.62
1779.62
1779.62
1779.62
1779.62
1779.62
1779.62
