880.423
880.423
880.423
880.423
880.423
880.423
916.767
916.767
916.767
916.767
916.767
916.767
916.767
916.767
930.925
930.925
949.374
949.374
949.374
949.374
949.374
949.374
963.693
963.693
992.27
992.27
1011.78
1011.78
1013
1013
1013
1048.55
1048.55
1048.55
1048.55
1048.55
1048.55
1048.55
1087.91
1087.91
1087.91
1087.91
1087.91
1087.91
1087.91
1087.91
1087.91
1087.91
1087.91
1087.91
1087.91
1087.91
1087.91
1087.91
1093.37
1093.37
1093.37
1093.37
1093.37
1093.37
1093.37
1110.51
1110.51
1110.51
1110.51
1110.51
1142.83
1142.83
1201.68
1201.68
1201.68
1201.68
1201.68
1201.68
1201.68
1201.68
1201.68
1201.68
1201.68
1201.68
1201.68
1212.51
1212.51
1212.51
1212.51
1212.51
1212.51
1e+07
