881.231
881.231
881.231
881.231
881.231
881.231
881.231
881.231
881.231
892.767
892.767
892.767
906.693
906.693
906.693
906.693
906.693
906.693
989.387
989.387
989.387
989.387
1050.24
1050.24
1050.24
1050.24
1077.91
1077.91
1077.91
1077.91
1078.53
1078.53
1078.53
1094.04
1094.04
1094.04
1094.04
1096.09
1100.66
1278.63
1278.63
1278.63
1278.63
1278.63
1278.63
1278.63
1278.63
1278.63
1278.63
1278.63
1278.63
1278.63
1278.63
1278.63
1297.45
1297.45
1297.45
1297.45
1297.45
1371.68
1371.68
1371.68
1371.68
1371.68
1371.68
1371.68
1371.68
1371.68
1371.68
1371.68
1371.68
1371.68
1371.68
1371.68
1374.03
1374.03
1374.03
1381.94
1381.94
1381.94
1381.94
1381.94
1417.75
1417.75
1417.75
1417.75
1417.75
1417.75
1417.75
1417.75
1417.75
1417.75
1417.75
1417.75
1417.75
1417.75
1417.75
1417.75
1417.75
1417.75
1417.75
1417.75
1417.75
1417.75
1417.75
1417.75
1417.75
1417.75
1417.75
1417.75
1417.75
1434.81
1434.81
1434.81
1434.81
1434.81
1434.81
1434.81
1434.81
1434.81
1434.81
1434.81
1434.81
1434.81
1434.81
1434.81
1434.81
1434.81
1434.81
1434.81
1434.81
1434.81
1434.81
1434.81
1434.81
1434.81
1434.81
1434.81
1434.81
1434.81
1434.81
1436.75
1436.75
1436.75
1436.75
1436.75
1436.75
1436.75
1436.75
1436.75
1436.75
1436.75
1436.75
1436.75
1436.75
1436.75
1436.75
1436.75
1436.75
1436.75
1436.75
1436.75
1436.75
1436.75
1436.75
1436.75
1436.75
1436.75
1436.75
1436.75
1436.75
1436.75
1436.75
1436.75
1436.75
1436.75
1436.75
1436.75
1436.75
1436.75
1436.75
1436.75
1436.75
1436.75
1436.75
1436.75
1436.75
1436.75
1436.75
1436.75
1436.75
1436.75
1436.75
1436.75
1436.75
1436.75
1436.75
1436.75
1436.75
1436.75
1436.75
1436.75
1436.75
1436.75
1436.75
1436.75
1436.75
1436.75
1436.75
1436.75
1436.75
1436.75
1436.75
1436.75
1436.75
1436.75
1436.75
1436.75
1436.75
1436.75
1436.75
1436.75
1436.75
1436.75
1436.75
1543
1543
1543
1543
1543
1543
1543
1543
1543
1543
1543
1543
1543
1543
1543
1572.57
1572.57
1572.57
1572.57
1572.57
1572.57
1598.67
1598.67
1598.67
1598.67
1598.67
1598.67
1598.67
1598.67
1598.67
1598.67
1598.67
1610.69
1616.19
1616.19
1616.19
1616.19
1616.19
1616.19
1616.19
1616.19
1616.19
1616.19
1616.19
1616.19
1616.19
1616.19
1616.19
1616.19
1616.19
1616.19
1616.19
1616.19
1616.19
1616.19
1616.19
1616.19
1621.53
1621.53
1621.53
1621.53
1621.53
1621.53
1621.53
1621.53
1621.53
1621.53
1621.53
1621.53
1621.53
1621.53
1621.53
1621.53
1621.53
1679.7
1679.7
1679.7
1679.7
1679.7
1679.7
1679.7
1728.81
1728.81
1728.81
1728.81
1728.81
1728.81
1742.11
1742.11
1742.11
1742.11
1742.11
1742.11
1742.11
1742.11
1742.11
1742.11
1742.11
1742.11
1742.11
1742.11
1742.11
1742.11
1742.11
1742.11
1742.11
1742.11
1742.11
1742.11
1742.11
1742.11
1748.21
1748.21
1748.21
1748.21
1748.21
1748.21
1748.21
1748.21
1748.21
1748.21
1748.21
1748.21
1748.21
1748.21
1748.21
1748.21
1748.21
1748.21
1748.21
1748.21
1748.21
1748.21
1748.21
1748.21
1748.21
1748.21
1748.21
1748.21
1748.21
1748.21
1748.21
1748.21
1748.21
1748.21
1748.21
1748.21
1748.21
1748.21
1748.21
1748.21
1748.21
1748.21
1748.21
1748.21
1748.21
1748.21
1748.21
1748.21
1748.21
1748.21
1748.21
1748.21
1748.21
1748.21
1748.21
1748.21
1748.21
1748.21
1748.21
1748.21
1748.21
1748.21
1748.21
1748.21
1748.21
1748.21
1748.21
1748.21
1748.21
1748.21
1748.21
1748.21
1748.21
1748.21
1748.21
1748.21
1748.21
1748.21
1748.21
1748.21
1748.21
1748.21
1748.21
1748.21
1748.21
1748.21
1748.21
1748.21
1748.21
1748.21
1748.21
1748.21
1748.21
1748.21
1748.21
1748.21
1748.21
1748.21
1748.21
1748.21
1748.21
1748.21
1748.21
1748.21
1748.21
1748.21
1748.21
1748.21
1748.21
1748.21
1748.21
1748.21
1748.21
1748.21
1748.21
1748.21
1748.21
1748.21
1748.21
1748.21
1748.21
1748.21
1748.21
1748.21
1748.21
1748.21
1748.21
1748.21
1748.21
1748.21
1748.21
1748.21
1748.21
1748.21
1748.21
1748.21
1748.21
1748.21
1748.21
1748.21
1748.21
1748.21
1748.21
1748.21
1748.21
1748.21
1748.21
1748.21
1748.21
1748.21
1748.21
1748.21
1748.21
1748.21
1748.21
1748.21
1748.21
1748.21
1748.21
1748.21
1748.21
1748.21
1748.21
1748.21
1748.21
